observed_actual_grain_yield <- c(
  # farmers estimates from kenya
  2,2,3,3,3,3,4,5,5,6,6,7,7,7.5,8,8,8,8,8,8,9,9.5,10,10,10,10,10,10,10,10,10,10,11,12,12,12,12.5,13,13,14,15,
  15,15,15,15,15,15,15,16,16,18,18,18,18,18,19,20,20,20,20,20,20,20,20,20,22,24,24,24,25,25,25,25,25,25,25,25,
  26,27,28,30,30,30,30,30,30,30,30,30,32,33,35,35,35,35,35,35,35,35,35,35,35,35,36,38,38,39,40,40,40,40,40,40,
  40,45,46,50,55,56)*90/1000

potential_grain_yield <- c(
  7.432320588,7.398955882,7.947310714,7.791297143,8.801064857,13.31907905,11.76172727,8.070565696,8.871744,
  7.9615537,9.6860832,11.11327155,9.483630875,9.479144771,8.801621915,9.375719516,10.19556667,9.164933903,
  9.677869231,9.159246667,8.6894,8.855378571,8.901378571,8.250464286, 9.930664286,11.25172727,9.357670727,
  11.35981818,7.606149909, 7.422640727, 11.24842857,9.983657143
)