observed_actual_grain_yield <- c(5.00, 8.00, 2.00, 4.00, 2.00, 8.00, 10.00, 30.00, 10.00, 13.00, 10.00, 20.00, 5.00,
                                15.00, 7.00, 15.00, 3.00, 4.00, 27.00, 35.00, 1.00, 3.50, 2.00, 15.00,
                                
                                5.00, 8.00, 6.00, 10.00, 6.00, 12.00, 5.00, 20.00, 5.00, 20.00, 5.00, 30.00, 5.00,
                                30.00, 5.00, 8.00, 5.00, 12.00, 3.00, 10.00, 8.00, 25.00, 5.00, 25.00, 11.00, 16.00,
                                3.00, 12.00, 4.00, 15.00, 10.00, 24.00, 10.00, 30.00, 25.00, 40.00, 12.00, 25.00, 3.00,
                                7.00, 7.00, 25.00, 6.00, 16.00, 5.00, 12.00, 2.00, 10.00, 15.00, 30.00, 10.00, 80.00,
                                10.00, 80.00, 10.00, 80.00, 10.00, 80.00, 10.00, 80.00, 10.00, 80.00, 10.00, 80.00, 10.00,
                                80.00, 10.00, 80.00, 10.00, 80.00, 10.00, 80.00, 10.00, 80.00, 10.00, 80.00, 10.00, 80.00,
                                15.00, 30.00, 2.00, 60.00, 7.00, 80.00, 10.00, 40.00, 20.00, 50.00, 2.00, 8.00, 7.00, 12.00,
                                10.00, 20.00, 8.00, 12.00, 5.00, 10.00, 6.00, 10.00, 1.00, 5.00, 3.00, 10.00, 2.00, 12.00, 
                                10.00, 25.00, 8.00, 10.00, 1.00, 8.00, 3.00, 15.00, 4.00, 10.00, 2.00, 20.00)*90/1000

potential_grain_yield <- c(
  # taken from ethiopian strategy for sorghum (2014 - 2024): https://www.k-state.edu/smil/docs/country_resources/Ethiopian%20Strategy%20for%20Sorghum.pdf
  5000/1000, 4600/1000, 4500/1000, 5250/1000, 5350/1000, 5750/1000, 3500/1000, 3900/1000, 3250/1000, 3650/1000,
  5150/1000,5150/1000, 2050/1000, 1900/1000, 3150/1000, 4300/1000, 5300/1000, 5200/1000,
  4100/1000, 3400/1000, 4200/1000, 4073/1000, 4086/1000, 4600/1000, 4500/1000, 4000/1000, 4150/1000, 2330/1000,
  # taken from global yield gap atlas 
  8.217364341, 9.58503876, 7.828449612, 7.009147287, 10.04203936, 7.843178295, 10.57775194, 8.981305903, 
  10.6372093, 8.015891473, 6.454806202,8.539457364,8.026744186,9.736511628,7.522868217,10.96573643,
  6.062790698,11.59552773,9.513059034,6.621735242
)
  
