## potential and observed grain yield for various rainfed crops near kisumu county and tigray region ####

observed_actual_grain_yield <- c(0.8, 1.2, 0.8, 1.500725893, 0.693, 3.2, 3.7, 3.7, 2.274332613, 
                                 3.5235, 1.7, 2.3, 2.6, 2.389403242, 2.06775, 2.6, 2.2, 1.4, 2.1, 
                                 1.865201731, 2.277, 0.4, 0.6, 1.3, 0.992912106, 1.485, 3.2, 3.7, 
                                 3.7, 2.274332613, 3.5235, 1.3, 2.5, 2.2, 1.521529035, 2.265, 
                                 0.45, 1.031, 0.993, 0.576, 1.08, 0.81, 0.477, 1.0305, 0.74, 0.404494059, 
                                 0.176671642, 0.371359155, 0.329, 1.031, 0.745, 1.017, 1.369, 
                                 1.157, 1.206, 1.0305, 0.859, 2.3, 3.1, 2.1, 2.3, 3.4, 2.8, 1.1, 
                                 1, 1.1, 1.5, 1.6, 1.4, 2, 2.3, 0.9, 1.2, 1.1, 1.4, 1, 1.4, 2, 
                                 1.9, 1, 0.6, 0.9, 1, 1.2, 1.2, 1.4, 1.6, 1.6, 1.1, 1.7, 0.813, 
                                 1.028, 0.986, 1.045, 0.952, 1.221, 1.347, 1.333, 1.707, 1.52, 
                                 1.679, 1.306, 1.187, 1.354, 1.607, 1.519, 1.64, 1.378, 1.885, 
                                 1.327, 1.453, 1.545, 1.281, 1.554, 1.857, 1.976, 0.324, 0.472, 
                                 0.566, 0.552, 0.84, 0.635, 0.877, 0.783, 0.991, 0.974, 1.9, 2.4, 
                                 2.7, 2.764, 2.763, 1.9, 2.8, 2.4, 2.146, 2.992, 1.4, 1.1, 1.3, 
                                 1.453142857, 1.537714286, 1.2, 1.7, 1.8, 2.1755, 2.6, 2.282, 
                                 2.841, 1.7, 1.9, 1.9, 1.9635, 2.683, 2.1, 2.5, 2.3, 2.17, 2.668, 
                                 1.5, 2, 2.1, 2.186, 2.487, 2.1, 2.7, 2.5, 2.318, 2.909, 2, 2.5, 
                                 2.2, 2.002, 2.731, 1.8, 1.8, 2.3, 2.187, 2.591, 1.2, 1.7, 1.8, 
                                 1.95, 1.89, 1.7, 2.1, 2.4, 1.769333333, 2.501, 1.3, 1.9, 2.1, 
                                 2.457, 2.217, 0.7, 1.5, 1.5, 2.46, 2.22, 1.8, 2.1, 2.1, 1.759, 
                                 2.2395, 2, 2.3, 2, 1.858, 2.469, 1.6, 2.8, 2.9, 2.726, 2.39, 
                                 2.3, 2.7, 2.6, 2.49, 2.826, 2.1, 2.4, 2.5, 2.396333333, 2.7975, 
                                 3, 2.777, 2.941, 1.3, 1.7, 1.7, 1.481666667, 2.448666667, 2.3, 
                                 2.7, 2.6, 2.49, 2.826, 1.6, 1.1, 1.3, 1.577, 1.304, 1, 1, 1.1, 
                                 1.355, 1.357, 1.2, 0.9, 0.8, 1.204, 0.973, 1.6, 1.4, 1.2, 1.249, 
                                 1.298, 0.9, 1.1, 1.1, 1.35, 1.36, 0.8, 0.9, 0.9, 1.67, 1.3, 1.4, 
                                 1.6, 1.229, 2.292, 1.4, 1.6, 2, 1.2245, 1.3865, 0.3, 0.9, 0.8, 
                                 0.8, 1.6, 1, 1.2, 1.4, 1.141, 1.625, 1.1, 1.2, 1.5, 1.430333333, 
                                 1.4055, 1.8, 1.6, 1.99, 1.625, 1.2, 1.3, 1.6, 1.533, 1.9745, 
                                 1.1, 1.4, 1.5, 1.72, 2.107, 1.8, 1.8, 1.8, 1.6, 2.2595, 1, 1.2, 
                                 1.3, 1.21, 1.68, 1.7, 1.5, 1.7, 1.64, 2.4, 1.3, 1.3, 1.6, 2.4, 
                                 1.96, 1.6, 1.6, 1.7, 1.501, 2.232, 1.4, 1.8, 1.7, 1.65725, 2.17575, 
                                 1.2, 1.2, 1.5, 2.849, 2.037, 1.2, 1.2, 1.5, 2.85, 2.04, 0.6, 
                                 0.6, 0.6, 0.981, 1.428, 0.2, 1.4, 1.3, 1.26, 1.803, 1.4, 1.5, 
                                 1.6, 1.619, 1.771, 1.1, 1.7, 2.1, 2.044, 2.322, 1.5, 2, 2, 1.649, 
                                 2.435, 0.9, 1.3, 1.7, 1.529, 1.577, 2.4, 2.478, 2.3025, 1.3, 
                                 1.5, 1.6, 1.589, 2.405, 1.4, 1.5, 1.7, 1.091, 1.384, 1.5, 1.2, 
                                 1.3, 1.403, 1.3, 1.3, 1.5, 2.395, 1.959, 2.1, 1.7, 1.6, 2.003, 
                                 1.71, 1.9, 1.9, 2.2, 1.503, 1.826, 1.4, 1.3, 1, 1.307, 1.207, 
                                 2, 1.8, 1.9, 1.64, 2.05, 1.6, 2, 2.3, 1.66, 1.78, 2.1, 1.7, 1.7, 
                                 1.644, 2.194, 0.9, 1.3, 1.5, 1.436, 1.9075, 1.6, 2, 2.3, 1.66, 
                                 1.78, 1.4, 1.7, 2, 1.2415, 1.325, 1.7, 1.7, 1.8, 1.542, 1.96, 
                                 1.7, 1.5, 1.6, 1.74, 2.11, 1.7, 1.6, 1.8, 2.183, 2.319)

